0 0.64453125 0.9319444444444445 0.0609375 0.03888888888888889
0 0.519921875 0.9208333333333333 0.0578125 0.03888888888888889
0 0.76484375 0.9430555555555555 0.0609375 0.029166666666666667
0 0.89375 0.7993055555555556 0.06875 0.03611111111111111
0 0.8078125 0.8222222222222222 0.065625 0.041666666666666664
0 0.7859375 0.7819444444444444 0.06875 0.03888888888888889
0 0.648828125 0.78125 0.071875 0.04027777777777778
0 0.691015625 0.80625 0.0671875 0.0375
0 0.7171875 0.8284722222222223 0.04375 0.03333333333333333
0 0.580078125 0.8694444444444445 0.0546875 0.034722222222222224
0 0.582421875 0.8368055555555556 0.059375 0.03333333333333333
0 0.60859375 0.81875 0.01796875 0.030555555555555555
0 0.55625 0.8125 0.015625 0.027777777777777776
0 0.40078125 0.7798611111111111 0.0703125 0.03888888888888889
0 0.428125 0.8027777777777778 0.0578125 0.03611111111111111
0 0.47578125 0.8256944444444444 0.03828125 0.027777777777777776
0 0.474609375 0.8604166666666667 0.040625 0.03194444444444444
0 0.435546875 0.8375 0.05546875 0.041666666666666664
0 0.386328125 0.8548611111111111 0.05625 0.041666666666666664
0 0.380859375 0.8145833333333333 0.0515625 0.03611111111111111
0 0.318359375 0.79375 0.0625 0.03611111111111111
0 0.2921875 0.8444444444444444 0.0578125 0.041666666666666664
0 0.219140625 0.7826388888888889 0.0671875 0.03611111111111111
0 0.341796875 0.8340277777777778 0.05703125 0.043055555555555555
0 0.27265625 0.8111111111111111 0.0609375 0.03333333333333333
0 0.23671875 0.825 0.06171875 0.041666666666666664
0 0.18984375 0.8458333333333333 0.05859375 0.03333333333333333
0 0.13671875 0.8201388888888889 0.06640625 0.030555555555555555
0 0.08984375 0.8361111111111111 0.059375 0.03333333333333333
0 0.0296875 0.8097222222222222 0.059375 0.03194444444444444
0 0.01953125 0.8430555555555556 0.0390625 0.03611111111111111
0 0.105078125 0.8527777777777777 0.059375 0.03611111111111111
0 0.52265625 0.7805555555555556 0.06953125 0.030555555555555555